{
    "n_arms": 200,
    "budget": 20,
    "num_context": 4,
    "episode_len": 600,
    "n_episodes": 6,
    "data": "local_generated",
    "data_name": null,
    "n_epochs": 20,
    "discount": 0.98,
    "alpha": 3,
    "n_actions": 2,
    "homogeneous": false,
    "seed": 43,
    "verbose": false,
    "local": false,
    "prefix": "",
    "name": "",
    "instance_type": "frictional_real_data_based",
    "identifier": "N_200_K_4_homo_True_seed_43",
    "exp_name_out": "local_generated_N200_B20_K4_T3600_epochs20",
    "str_time": "06-10-2024_17:44:03",
    "N": 200,
    "K": 4,
    "all_transitions": "[[[[0.08751617 0.01725971 0.463286   ... 0.02001041 0.18300431\n    0.03609163]\n   [0.08751617 0.01725971 0.463286   ... 0.02001041 0.18300431\n    0.03609163]]\n\n  [[0.         0.10477588 0.         ... 0.12147415 0.\n    0.21909594]\n   [0.01284581 0.09193006 0.06800212 ... 0.10658108 0.02686177\n    0.19223417]]\n\n  [[0.08751617 0.01725971 0.463286   ... 0.02001041 0.18300431\n    0.03609163]\n   [0.08751617 0.01725971 0.463286   ... 0.02001041 0.18300431\n    0.03609163]]\n\n  ...\n\n  [[0.         0.10477588 0.         ... 0.12147415 0.\n    0.21909594]\n   [0.01487989 0.08989598 0.07876997 ... 0.10422283 0.03111522\n    0.18798072]]\n\n  [[0.08751617 0.01725971 0.463286   ... 0.02001041 0.18300431\n    0.03609163]\n   [0.08751617 0.01725971 0.463286   ... 0.02001041 0.18300431\n    0.03609163]]\n\n  [[0.         0.10477588 0.         ... 0.12147415 0.\n    0.21909594]\n   [0.03328033 0.07149554 0.17617674 ... 0.08288988 0.06959222\n    0.14950371]]]\n\n\n [[[0.09200322 0.01277266 0.48703918 ... 0.01480825 0.19238714\n    0.0267088 ]\n   [0.09200322 0.01277266 0.48703918 ... 0.01480825 0.19238714\n    0.0267088 ]]\n\n  [[0.         0.10477588 0.         ... 0.12147415 0.\n    0.21909594]\n   [0.02716594 0.07760994 0.14380884 ... 0.08997874 0.05680646\n    0.16228948]]\n\n  [[0.09200322 0.01277266 0.48703918 ... 0.01480825 0.19238714\n    0.0267088 ]\n   [0.09200322 0.01277266 0.48703918 ... 0.01480825 0.19238714\n    0.0267088 ]]\n\n  ...\n\n  [[0.         0.10477588 0.         ... 0.12147415 0.\n    0.21909594]\n   [0.01227168 0.0925042  0.0649628  ... 0.10724672 0.0256612\n    0.19343474]]\n\n  [[0.09200322 0.01277266 0.48703918 ... 0.01480825 0.19238714\n    0.0267088 ]\n   [0.09200322 0.01277266 0.48703918 ... 0.01480825 0.19238714\n    0.0267088 ]]\n\n  [[0.         0.10477588 0.         ... 0.12147415 0.\n    0.21909594]\n   [0.0254862  0.07928968 0.13491676 ... 0.09192618 0.05329397\n    0.16580197]]]\n\n\n [[[0.10066756 0.00410832 0.53290574 ... 0.00476307 0.21050506\n    0.00859087]\n   [0.10066756 0.00410832 0.53290574 ... 0.00476307 0.21050506\n    0.00859087]]\n\n  [[0.         0.10477588 0.         ... 0.12147415 0.\n    0.21909594]\n   [0.00572132 0.09905455 0.03028707 ... 0.11484101 0.01196381\n    0.20713213]]\n\n  [[0.10066756 0.00410832 0.53290574 ... 0.00476307 0.21050506\n    0.00859087]\n   [0.10066756 0.00410832 0.53290574 ... 0.00476307 0.21050506\n    0.00859087]]\n\n  ...\n\n  [[0.         0.10477588 0.         ... 0.12147415 0.\n    0.21909594]\n   [0.01487903 0.08989685 0.07876539 ... 0.10422383 0.03111341\n    0.18798253]]\n\n  [[0.10066756 0.00410832 0.53290574 ... 0.00476307 0.21050506\n    0.00859087]\n   [0.10066756 0.00410832 0.53290574 ... 0.00476307 0.21050506\n    0.00859087]]\n\n  [[0.         0.10477588 0.         ... 0.12147415 0.\n    0.21909594]\n   [0.0662194  0.03855647 0.35054691 ... 0.04470127 0.13847083\n    0.08062511]]]\n\n\n ...\n\n\n [[[0.08492967 0.0198462  0.44959383 ... 0.02300912 0.17759572\n    0.04150022]\n   [0.08492967 0.0198462  0.44959383 ... 0.02300912 0.17759572\n    0.04150022]]\n\n  [[0.         0.10477588 0.         ... 0.12147415 0.\n    0.21909594]\n   [0.01909668 0.0856792  0.10109246 ... 0.099334   0.03993291\n    0.17916303]]\n\n  [[0.08492967 0.0198462  0.44959383 ... 0.02300912 0.17759572\n    0.04150022]\n   [0.08492967 0.0198462  0.44959383 ... 0.02300912 0.17759572\n    0.04150022]]\n\n  ...\n\n  [[0.         0.10477588 0.         ... 0.12147415 0.\n    0.21909594]\n   [0.0142285  0.09054738 0.07532168 ... 0.10497803 0.0297531\n    0.18934284]]\n\n  [[0.08492967 0.0198462  0.44959383 ... 0.02300912 0.17759572\n    0.04150022]\n   [0.08492967 0.0198462  0.44959383 ... 0.02300912 0.17759572\n    0.04150022]]\n\n  [[0.         0.10477588 0.         ... 0.12147415 0.\n    0.21909594]\n   [0.03860291 0.06617296 0.20435296 ... 0.07671904 0.08072222\n    0.13837372]]]\n\n\n [[[0.09433229 0.01044359 0.49936863 ... 0.01210799 0.19725745\n    0.02183849]\n   [0.09433229 0.01044359 0.49936863 ... 0.01210799 0.19725745\n    0.02183849]]\n\n  [[0.         0.10477588 0.         ... 0.12147415 0.\n    0.21909594]\n   [0.01797014 0.08680574 0.09512886 ... 0.10064008 0.0375772\n    0.18151874]]\n\n  [[0.09433229 0.01044359 0.49936863 ... 0.01210799 0.19725745\n    0.02183849]\n   [0.09433229 0.01044359 0.49936863 ... 0.01210799 0.19725745\n    0.02183849]]\n\n  ...\n\n  [[0.         0.10477588 0.         ... 0.12147415 0.\n    0.21909594]\n   [0.01514898 0.08962689 0.08019446 ... 0.10391085 0.03167791\n    0.18741803]]\n\n  [[0.09433229 0.01044359 0.49936863 ... 0.01210799 0.19725745\n    0.02183849]\n   [0.09433229 0.01044359 0.49936863 ... 0.01210799 0.19725745\n    0.02183849]]\n\n  [[0.         0.10477588 0.         ... 0.12147415 0.\n    0.21909594]\n   [0.04290233 0.06187355 0.22711288 ... 0.07173441 0.0897127\n    0.12938324]]]\n\n\n [[[0.09018143 0.01459444 0.47739516 ... 0.01692038 0.18857762\n    0.03051832]\n   [0.09018143 0.01459444 0.47739516 ... 0.01692038 0.18857762\n    0.03051832]]\n\n  [[0.         0.10477588 0.         ... 0.12147415 0.\n    0.21909594]\n   [0.00921368 0.09556219 0.04877465 ... 0.11079206 0.01926665\n    0.19982928]]\n\n  [[0.09018143 0.01459444 0.47739516 ... 0.01692038 0.18857762\n    0.03051832]\n   [0.09018143 0.01459444 0.47739516 ... 0.01692038 0.18857762\n    0.03051832]]\n\n  ...\n\n  [[0.         0.10477588 0.         ... 0.12147415 0.\n    0.21909594]\n   [0.01581539 0.08896049 0.0837222  ... 0.10313824 0.03307142\n    0.18602452]]\n\n  [[0.09018143 0.01459444 0.47739516 ... 0.01692038 0.18857762\n    0.03051832]\n   [0.09018143 0.01459444 0.47739516 ... 0.01692038 0.18857762\n    0.03051832]]\n\n  [[0.         0.10477588 0.         ... 0.12147415 0.\n    0.21909594]\n   [0.05162519 0.05315069 0.27328923 ... 0.06162138 0.10795299\n    0.11114295]]]]",
    "context_prob": [
        0.1047758759105234,
        0.5546540406280477,
        0.1214741452658916,
        0.2190959381955374
    ],
    "reward_vector": "[1. 1. 1. 1.]",
    "p": [
        [
            0.12260277399987546,
            0.4177472656375766,
            0.14201639535866029,
            0.3176335650038878
        ],
        [
            0.25927664469326805,
            0.38035537553705867,
            0.11712309881728612,
            0.24324488095238728
        ],
        [
            0.054605330644589015,
            0.17137650290047657,
            0.14200814483874452,
            0.6320100216161899
        ],
        [
            0.08965621886616873,
            0.3098475731489241,
            0.1544252342709244,
            0.44607097371398297
        ],
        [
            0.07141138750710417,
            0.36796511820900685,
            0.17543173703981113,
            0.38519175724407806
        ],
        [
            0.14648740148484826,
            0.28618985654967044,
            0.14098649294660892,
            0.42633624901887246
        ],
        [
            0.23297518097913586,
            0.3519475490615197,
            0.12411616622253276,
            0.29096110373681183
        ],
        [
            0.20464442828021942,
            0.4956537290806513,
            0.1120270319577138,
            0.18767481068141562
        ],
        [
            0.13570411599062948,
            0.43938769511787656,
            0.13580455342659764,
            0.2891036354648965
        ],
        [
            0.11808567418989988,
            0.3946027727753446,
            0.14764559305177938,
            0.33966595998297633
        ],
        [
            0.4479835429419542,
            0.2486122946428332,
            0.09604642466790077,
            0.20735773774731203
        ],
        [
            0.12599744483408093,
            0.34318132145804603,
            0.14660464163903084,
            0.38421659206884234
        ],
        [
            0.095135988766822,
            0.3444498791173414,
            0.159431680705003,
            0.4009824514108337
        ],
        [
            0.048909041357503485,
            0.5344814973925155,
            0.15156599457086428,
            0.26504346667911677
        ],
        [
            0.026418757422968456,
            0.28154181546912427,
            0.17604322271432127,
            0.5159962043935862
        ],
        [
            0.17482274458785582,
            0.33953974288213257,
            0.13621426926084235,
            0.3494232432691694
        ],
        [
            0.10141120070817772,
            0.3169819347150118,
            0.15359518519156448,
            0.4280116793852461
        ],
        [
            0.16908544737047837,
            0.3395060806496841,
            0.1363214522084184,
            0.3550870197714191
        ],
        [
            0.299320688293614,
            0.3514921445988568,
            0.11093172170722172,
            0.23825544540030769
        ],
        [
            0.11291014223676454,
            0.33962985441439325,
            0.1508817913449385,
            0.3965782120039038
        ],
        [
            0.21292784844443702,
            0.3311682800582017,
            0.13017235091172927,
            0.3257315205856321
        ],
        [
            0.03613540301829403,
            0.22317877605570935,
            0.16657870322818585,
            0.5741071176978109
        ],
        [
            0.14337539429347293,
            0.3374274922400492,
            0.14538300640302743,
            0.3738141070634504
        ],
        [
            0.1049808940504646,
            0.16833090742659587,
            0.13681872809866902,
            0.5898694704242706
        ],
        [
            0.11042869816620318,
            0.17879930683805953,
            0.1371543213809816,
            0.5736176736147557
        ],
        [
            0.16908544737047837,
            0.3395060806496841,
            0.1363214522084184,
            0.3550870197714191
        ],
        [
            0.24922675769705643,
            0.294978824931581,
            0.1305458901028855,
            0.3252485272684772
        ],
        [
            0.05735885441627155,
            0.46508418801396745,
            0.1584330304441007,
            0.3191239271256604
        ],
        [
            0.05793446402042762,
            0.34490859217547815,
            0.16753651617607562,
            0.4296204276280187
        ],
        [
            0.19634475391619158,
            0.33467847849280397,
            0.13213917474629636,
            0.33683759284470816
        ],
        [
            0.154428386280151,
            0.3727633046062184,
            0.1381477180415508,
            0.33466059107208
        ],
        [
            0.13138899190743009,
            0.38040562951455226,
            0.1506269818506928,
            0.33757839672732504
        ],
        [
            0.06998953155035287,
            0.33835082713746534,
            0.16199467826187208,
            0.42966496305030966
        ],
        [
            0.29142761821157376,
            0.2801321344152137,
            0.12156034894019027,
            0.30687989843302244
        ],
        [
            0.08108127334390378,
            0.5693558886279232,
            0.1314638794851316,
            0.2180989585430416
        ],
        [
            0.1568799253926916,
            0.31609575601109363,
            0.1400504378719372,
            0.38697388072427763
        ],
        [
            0.13017533793565433,
            0.24153309875019513,
            0.1432840577249895,
            0.4850075055891613
        ],
        [
            0.06549821365116998,
            0.3438138635248854,
            0.16546174701444172,
            0.42522617580950295
        ],
        [
            0.0397423772507592,
            0.159656038588456,
            0.14230846342528522,
            0.6582931207354996
        ],
        [
            0.5597658416940289,
            0.25077979001862055,
            0.06721333108240429,
            0.1222410372049463
        ],
        [
            0.09198593106247466,
            0.37307976071788507,
            0.155666425089504,
            0.37926788313013643
        ],
        [
            0.09400100815587753,
            0.3872614264306868,
            0.15362656889109472,
            0.36511099652234114
        ],
        [
            0.15133853113258988,
            0.2816100974037141,
            0.15261088939864914,
            0.41444048206504686
        ],
        [
            0.1302820149675861,
            0.24137625793557438,
            0.14149758543114901,
            0.48684414166569057
        ],
        [
            0.17250525293738186,
            0.3391660925245793,
            0.13765919011982952,
            0.35066946441820945
        ],
        [
            0.16009314082000475,
            0.2909545669243012,
            0.14597207840085252,
            0.4029802138548416
        ],
        [
            0.08858737851797997,
            0.16013844236288913,
            0.13697928149949712,
            0.6142948976196339
        ],
        [
            0.10222438381405452,
            0.22427258368513026,
            0.14419470981947174,
            0.5293083226813434
        ],
        [
            0.1583471491461637,
            0.2931247889971675,
            0.1401798427262233,
            0.4083482191304456
        ],
        [
            0.19288853010924023,
            0.22990960987820566,
            0.13503511917055497,
            0.44216674084199925
        ],
        [
            0.1480561646757713,
            0.36435026566976736,
            0.1399766987955568,
            0.3476168708589047
        ],
        [
            0.030611218853542357,
            0.17798347986011748,
            0.15453588041022626,
            0.6368694208761141
        ],
        [
            0.23124885279911503,
            0.39194379140019286,
            0.12479813496180966,
            0.2520092208388826
        ],
        [
            0.08163872376078732,
            0.32005888682498296,
            0.15672449028768848,
            0.44157789912654133
        ],
        [
            0.105276026641943,
            0.3199927082502373,
            0.15262103671545799,
            0.4221102283923618
        ],
        [
            0.0819341688899191,
            0.3422759870194839,
            0.15778884431341322,
            0.41800099977718397
        ],
        [
            0.1634191075176465,
            0.34150174870465344,
            0.13774472885647215,
            0.35733441492122797
        ],
        [
            0.11748454622752223,
            0.42215429790702486,
            0.14364553048796486,
            0.3167156253774882
        ],
        [
            0.09418847958934323,
            0.3058289849496516,
            0.15278768731249856,
            0.44719484814850663
        ],
        [
            0.12216524762103044,
            0.37508040396329667,
            0.14636049998498707,
            0.356393848430686
        ],
        [
            0.040922696618474017,
            0.1954957119791613,
            0.15188243268337112,
            0.6116991587189937
        ],
        [
            0.0388573024565076,
            0.4841696895190979,
            0.1674282649513241,
            0.30954474307307045
        ],
        [
            0.05012452603586237,
            0.5687539686010126,
            0.14362862830091183,
            0.23749287706221323
        ],
        [
            0.1164368017796483,
            0.21251689275384097,
            0.14269723736169446,
            0.5283490681048164
        ],
        [
            0.15242816610177085,
            0.33454029144077513,
            0.14001661571244226,
            0.3730149267450118
        ],
        [
            0.04521983024905983,
            0.2859386363104707,
            0.21597485126705449,
            0.45286668217341514
        ],
        [
            0.25276027103188925,
            0.2681605806041084,
            0.12921270506243765,
            0.34986644330156486
        ],
        [
            0.15644075003813973,
            0.3196050600748407,
            0.13920683477224444,
            0.3847473551147753
        ],
        [
            0.08119513231017074,
            0.24208763120314858,
            0.15471634042985494,
            0.5220008960568256
        ],
        [
            0.06740431878359762,
            0.3497324700435504,
            0.16939515408184982,
            0.4134680570910022
        ],
        [
            0.05233072614409295,
            0.2917556897139547,
            0.16512963579188472,
            0.49078394835006767
        ],
        [
            0.14956848328511696,
            0.2748583158371114,
            0.1429751954776579,
            0.4325980054001139
        ],
        [
            0.17953758565749073,
            0.3527383900354649,
            0.1423885588181696,
            0.32533546548887476
        ],
        [
            0.13082938376907485,
            0.44002853333481384,
            0.13700019248383125,
            0.2921418904122801
        ],
        [
            0.06951877571591453,
            0.4820590319352396,
            0.15139990801509626,
            0.2970222843337495
        ],
        [
            0.3492608509176979,
            0.31662537610779584,
            0.10887739088649151,
            0.22523638208801486
        ],
        [
            0.13825321642662522,
            0.3874155119782612,
            0.14098939339960823,
            0.3333418781955055
        ],
        [
            0.13696120648239155,
            0.30936642604400527,
            0.16252096262244065,
            0.3911514048511628
        ],
        [
            0.1490135710047535,
            0.28308208596802165,
            0.14193334370234104,
            0.4259709993248838
        ],
        [
            0.03412612430507979,
            0.404918562881436,
            0.1781194826711489,
            0.38283583014233524
        ],
        [
            0.23804977195355953,
            0.2468270585575915,
            0.1344520852668892,
            0.38067108422195983
        ],
        [
            0.08947100752000874,
            0.3164136623036611,
            0.15605200454893733,
            0.4380633256273928
        ],
        [
            0.042476516995469636,
            0.37965178330613036,
            0.20070537053615764,
            0.3771663291622425
        ],
        [
            0.0525505757765017,
            0.2373501129341404,
            0.19073185251567257,
            0.5193674587736855
        ],
        [
            0.08859018694069903,
            0.3823423245652431,
            0.16809729431663933,
            0.3609701941774187
        ],
        [
            0.5961797863364192,
            0.1972057901891901,
            0.06680644381143376,
            0.139807979662957
        ],
        [
            0.08221789081632395,
            0.3251350076551384,
            0.15848789632101662,
            0.4341592052075212
        ],
        [
            0.13211406516485324,
            0.3472633779031431,
            0.14632153092411496,
            0.3743010260078887
        ],
        [
            0.03508825616346029,
            0.42260340968657073,
            0.18593701872522245,
            0.35637131542474654
        ],
        [
            0.14903810051603678,
            0.26838647445286207,
            0.14109613664715043,
            0.44147928838395084
        ],
        [
            0.2029604566515596,
            0.20254438326805296,
            0.13513572864959475,
            0.4593594314307928
        ],
        [
            0.38403582637904193,
            0.24648099623057076,
            0.10984981786510943,
            0.2596333595252781
        ],
        [
            0.24050733502049462,
            0.34176461809900094,
            0.1304869421310704,
            0.2872411047494341
        ],
        [
            0.0739881030956068,
            0.19480532623567418,
            0.14376746283847286,
            0.5874391078302462
        ],
        [
            0.2963023090330449,
            0.3011983033478509,
            0.11809199888658524,
            0.2844073887325192
        ],
        [
            0.085223630853398,
            0.17220019384800617,
            0.1392319604641407,
            0.6033442148344552
        ],
        [
            0.040932526686782225,
            0.23023084934355992,
            0.16268696880860456,
            0.5661496551610535
        ],
        [
            0.16908544737047837,
            0.3395060806496841,
            0.1363214522084184,
            0.3550870197714191
        ],
        [
            0.06557976616059306,
            0.16911136960240705,
            0.14021718964998592,
            0.6250916745870141
        ],
        [
            0.11290655274450509,
            0.44196654535319113,
            0.1422038901501737,
            0.3029230117521302
        ],
        [
            0.13187267043273576,
            0.32868202025621773,
            0.14529841998743043,
            0.39414688932361636
        ],
        [
            0.09630260113333759,
            0.4918400707257599,
            0.14010089301565046,
            0.2717564351252521
        ],
        [
            0.12373957678051879,
            0.35485643485512497,
            0.14890946781463615,
            0.3724945205497201
        ],
        [
            0.132139976467031,
            0.3969948399389269,
            0.14583901347714273,
            0.32502617011689955
        ],
        [
            0.07355274200962776,
            0.3507687684018036,
            0.16864039362105857,
            0.40703809596751017
        ],
        [
            0.10988827662962258,
            0.3505306756202551,
            0.15272913992593712,
            0.3868519078241854
        ],
        [
            0.12310653612404836,
            0.35659601801563295,
            0.14774592415246252,
            0.3725515217078562
        ],
        [
            0.06371979815284451,
            0.6546027241368816,
            0.11675659470726082,
            0.16492088300301327
        ],
        [
            0.28682074220655357,
            0.29279031673537925,
            0.12048854011535037,
            0.29990040094271686
        ],
        [
            0.16908544737047837,
            0.3395060806496841,
            0.1363214522084184,
            0.3550870197714191
        ],
        [
            0.03905128496103181,
            0.1638034390750184,
            0.14344708441500406,
            0.6536981915489458
        ],
        [
            0.14059359485043182,
            0.39150914542667614,
            0.1396820352205183,
            0.32821522450237384
        ],
        [
            0.13307210314610282,
            0.3513646760963712,
            0.15242273685855778,
            0.36314048389896825
        ],
        [
            0.12310542605544751,
            0.5536602281029619,
            0.12114743579408471,
            0.20208691004750612
        ],
        [
            0.0805249822283319,
            0.20215764083790194,
            0.14400413024787181,
            0.5733132466858943
        ],
        [
            0.3943552111282539,
            0.36489304656627647,
            0.08834827160999993,
            0.15240347069546972
        ],
        [
            0.16401973941721942,
            0.29581137402613866,
            0.13847997314491892,
            0.4016889134117231
        ],
        [
            0.16003776596354163,
            0.25280391291251064,
            0.13825498410173892,
            0.4489033370222089
        ],
        [
            0.1586106092906932,
            0.3455832079430875,
            0.13911811045624956,
            0.3566880723099698
        ],
        [
            0.10757444911996426,
            0.4704302371719038,
            0.1399082137369112,
            0.2820870999712208
        ],
        [
            0.06747092067113984,
            0.4173573024705616,
            0.16567415640135835,
            0.3494976204569404
        ],
        [
            0.12163034353131508,
            0.285476006145486,
            0.1564092511357313,
            0.43648439918746795
        ],
        [
            0.06453226749402052,
            0.6529976173069109,
            0.1164217717179142,
            0.1660483434811545
        ],
        [
            0.028619031849412932,
            0.1707456183448116,
            0.15025074037964778,
            0.6503846094261277
        ],
        [
            0.2001282045777733,
            0.41766569841230977,
            0.1250977647087041,
            0.257108332301213
        ],
        [
            0.13131953535089289,
            0.2939429237310782,
            0.14680259649076663,
            0.4279349444272622
        ],
        [
            0.3672538355090149,
            0.3345676460109896,
            0.09863884010065697,
            0.19953967837933878
        ],
        [
            0.10562938768316446,
            0.25042419570619273,
            0.14718612882978357,
            0.4967602877808594
        ],
        [
            0.14220153046721162,
            0.22587603542772255,
            0.13901281023959675,
            0.4929096238654691
        ],
        [
            0.16512896945130234,
            0.3314836252038903,
            0.13736062997990273,
            0.3660267753649048
        ],
        [
            0.09181968909591165,
            0.28886908893978497,
            0.1716278255174119,
            0.44768339644689176
        ],
        [
            0.04267935030131814,
            0.3350255191660685,
            0.23105169493719285,
            0.3912434355954205
        ],
        [
            0.03955399212826848,
            0.36906564733639097,
            0.17468675226299726,
            0.41669360827234336
        ],
        [
            0.08275307487301382,
            0.2563936322422614,
            0.15045895821963645,
            0.5103943346650883
        ],
        [
            0.11321809802489562,
            0.324500330838655,
            0.14996364282107896,
            0.4123179283153704
        ],
        [
            0.16780185619109786,
            0.38767105332388646,
            0.13351782149050753,
            0.3110092689945082
        ],
        [
            0.18988846380728935,
            0.4478586905238079,
            0.12454916963049342,
            0.2377036760384094
        ],
        [
            0.13406078017024328,
            0.40662543424553343,
            0.13945723549464548,
            0.31985655008957786
        ],
        [
            0.16374485488670373,
            0.3403739387503209,
            0.13817865836962007,
            0.35770254799335544
        ],
        [
            0.057428791612822175,
            0.46822174357362517,
            0.16058113675713023,
            0.3137683280564227
        ],
        [
            0.09030788534528623,
            0.48156666019937366,
            0.14401512460416796,
            0.2841103298511721
        ],
        [
            0.6087829577866396,
            0.20493213696703044,
            0.06300944084127165,
            0.12327546440505845
        ],
        [
            0.18056297909966376,
            0.4766406058883815,
            0.12507772547959572,
            0.2177186895323593
        ],
        [
            0.11982760222064912,
            0.31432642196501936,
            0.14719425277991044,
            0.41865172303442133
        ],
        [
            0.15067533887911155,
            0.40755722265509553,
            0.1353567398219268,
            0.30641069864386616
        ],
        [
            0.24388879424022455,
            0.3418333043469485,
            0.12286771147365307,
            0.2914101899391741
        ],
        [
            0.04692029297101941,
            0.23576257532300898,
            0.16285668486157046,
            0.5544604468444012
        ],
        [
            0.15342210658492322,
            0.34885418353286407,
            0.14025703015758034,
            0.35746667972463253
        ],
        [
            0.08992756499051395,
            0.3074196481242464,
            0.15385105455502648,
            0.44880173233021314
        ],
        [
            0.15376461920881718,
            0.36105606562027864,
            0.13874791836067435,
            0.34643139681022983
        ],
        [
            0.07352043449799545,
            0.620894372846682,
            0.12070778331301305,
            0.1848774093423094
        ],
        [
            0.1384241279846182,
            0.22547665263642677,
            0.14177182026279778,
            0.4943273991161573
        ],
        [
            0.1359798932004718,
            0.33617953462225153,
            0.14423004250936017,
            0.38361052966791653
        ],
        [
            0.10297945210959185,
            0.5787366352657002,
            0.12215331702701517,
            0.19613059559769272
        ],
        [
            0.025049612162884035,
            0.24068998374877978,
            0.16803092639810296,
            0.5662294776902332
        ],
        [
            0.074924001902445,
            0.5292029689815654,
            0.14184013006740803,
            0.2540328990485816
        ],
        [
            0.04929503363681467,
            0.5536401202253719,
            0.15474055717430418,
            0.24232428896350938
        ],
        [
            0.16314840076208328,
            0.340902150307648,
            0.13764082418340198,
            0.3583086247468668
        ],
        [
            0.10271230161578337,
            0.46672716531408726,
            0.14204717113448914,
            0.2885133619356405
        ],
        [
            0.13394134575462655,
            0.36168374789605207,
            0.14406257654819243,
            0.36031232980112904
        ],
        [
            0.16834540107786472,
            0.3354824278636126,
            0.13664724301101153,
            0.3595249280475114
        ],
        [
            0.11257500422377936,
            0.2555762241134714,
            0.14672005209523353,
            0.485128719567516
        ],
        [
            0.26514016190702,
            0.38899685328489847,
            0.11374490146019137,
            0.23211808334789027
        ],
        [
            0.14140461304394122,
            0.40668173457738,
            0.13797896942142432,
            0.31393468295725463
        ],
        [
            0.13010021299820862,
            0.4068026663434893,
            0.14102743380145263,
            0.32206968685684945
        ],
        [
            0.10412571414287247,
            0.34832447319903,
            0.15189960024774837,
            0.39565021241034926
        ],
        [
            0.1440624105095557,
            0.3252653119112558,
            0.14176531261334815,
            0.38890696496584043
        ],
        [
            0.06829626124051141,
            0.5206525469864713,
            0.1453220616090719,
            0.26572913016394534
        ],
        [
            0.2757600978556564,
            0.2892927353178821,
            0.1251262175579293,
            0.30982094926853226
        ],
        [
            0.08094526557609795,
            0.2762200930679748,
            0.15363084919436243,
            0.4892037921615648
        ],
        [
            0.06109730559882651,
            0.39482531642843854,
            0.16444696678385612,
            0.37963041118887886
        ],
        [
            0.20531741467678022,
            0.3207698604844846,
            0.14278815239918802,
            0.33112457243954724
        ],
        [
            0.11074772060777438,
            0.2806259512897587,
            0.14729848537888154,
            0.46132784272358557
        ],
        [
            0.15071308258117946,
            0.3059806189094264,
            0.14082664387068466,
            0.40247965463870966
        ],
        [
            0.22280324742403912,
            0.5070065107999224,
            0.10479884384805084,
            0.16539139792798774
        ],
        [
            0.08523200227286731,
            0.2893500288409673,
            0.1542428484869418,
            0.4711751203992237
        ],
        [
            0.4866395171220382,
            0.311919639832005,
            0.07408246293327103,
            0.12735838011268605
        ],
        [
            0.09929248943244164,
            0.2454552626125486,
            0.15862170549565952,
            0.49663054245935034
        ],
        [
            0.025828348545918027,
            0.2651428441558807,
            0.17932156321987014,
            0.5297072440783313
        ],
        [
            0.28649394580376913,
            0.21669305909509495,
            0.12390184842845829,
            0.3729111466726778
        ],
        [
            0.08418509810755725,
            0.179211649821233,
            0.14072592322315552,
            0.5958773288480542
        ],
        [
            0.03743746132727796,
            0.521000489368589,
            0.1589767057658977,
            0.2825853435382353
        ],
        [
            0.11237719357810187,
            0.29114037480868116,
            0.1463904666496134,
            0.4500919649636037
        ],
        [
            0.1974331329866095,
            0.38689954511692204,
            0.1292308999297486,
            0.2864364219667199
        ],
        [
            0.07305951542580573,
            0.6511381810047958,
            0.11397411153191633,
            0.16182819203748222
        ],
        [
            0.07717560602629793,
            0.5019144637777726,
            0.14592858297545774,
            0.2749813472204718
        ],
        [
            0.1161717036999379,
            0.4537180993276023,
            0.13936693189575408,
            0.2907432650767058
        ],
        [
            0.1489904455615445,
            0.3760862226094136,
            0.13878508173572596,
            0.33613825009331616
        ],
        [
            0.1703808391476277,
            0.3750493992663958,
            0.13402751522829195,
            0.3205422463576847
        ],
        [
            0.0722615504907407,
            0.3280280959697651,
            0.1600733288313691,
            0.4396370247081252
        ],
        [
            0.06434782984633307,
            0.3464284017094112,
            0.1773559450081336,
            0.4118678234361223
        ],
        [
            0.03844119194971606,
            0.5000054724492304,
            0.16625145838852992,
            0.2953018772125238
        ],
        [
            0.12870673309327105,
            0.2259912426932174,
            0.1530145976976818,
            0.4922874265158298
        ],
        [
            0.10448129305365897,
            0.5723114074211046,
            0.12241650146009586,
            0.2007907980651405
        ],
        [
            0.051588716212651334,
            0.5300641376797445,
            0.1525294502455315,
            0.26581769586207266
        ],
        [
            0.11528223017453532,
            0.43934092801325864,
            0.14172988273564385,
            0.30364695907656236
        ],
        [
            0.17037944983354028,
            0.33556388126550984,
            0.136822107289854,
            0.357234561611096
        ],
        [
            0.18226218848548037,
            0.31350522088152966,
            0.13579939209884395,
            0.36843319853414624
        ],
        [
            0.1715102636786316,
            0.2744374516890932,
            0.14458464440628377,
            0.4094676402259915
        ],
        [
            0.08793706890842631,
            0.2683978507551521,
            0.15094490865530188,
            0.49272017168111976
        ]
    ],
    "q": [
        0.164729788588728,
        0.12190456907943871,
        0.03921056084767683,
        0.15210629591208413,
        0.11750309741540456,
        0.16889571614787438,
        0.1730408660566377,
        0.053514852046516195,
        0.1563351834036163,
        0.1730408660566377,
        0.019801326693244747,
        0.18941575402981295,
        0.1563351834036163,
        0.04400251816690004,
        0.019801326693244747,
        0.20942915037126442,
        0.164729788588728,
        0.22119921692859515,
        0.13064176460119414,
        0.17716534194398162,
        0.18941575402981295,
        0.048770575499285984,
        0.20148378124062294,
        0.014888060396937353,
        0.03921056084767683,
        0.22119921692859515,
        0.10416586470347179,
        0.08148771559854263,
        0.10416586470347179,
        0.20546639749666598,
        0.19748120203752156,
        0.16889571614787438,
        0.12628408831196558,
        0.1086338560931687,
        0.06293253662259658,
        0.19345855982267313,
        0.1086338560931687,
        0.11750309741540456,
        0.019801326693244747,
        0.009950166250831895,
        0.15210629591208413,
        0.15210629591208413,
        0.08148771559854263,
        0.12190456907943871,
        0.20148378124062294,
        0.12628408831196558,
        0.00498752080731768,
        0.0996754774137344,
        0.16889571614787438,
        0.07688365361336424,
        0.20148378124062294,
        0.02469008797166739,
        0.0996754774137344,
        0.1435848225163865,
        0.16889571614787438,
        0.1435848225163865,
        0.21729546175813186,
        0.164729788588728,
        0.1563351834036163,
        0.18126924692201818,
        0.048770575499285984,
        0.034394583742433545,
        0.02955446645149185,
        0.07225651367144716,
        0.20942915037126442,
        0.053514852046516195,
        0.0951625819640405,
        0.20148378124062294,
        0.0996754774137344,
        0.11750309741540456,
        0.0951625819640405,
        0.1392920235749422,
        0.13064176460119414,
        0.1563351834036163,
        0.0951625819640405,
        0.06760618009405173,
        0.18941575402981295,
        0.06293253662259658,
        0.1563351834036163,
        0.034394583742433545,
        0.04400251816690004,
        0.15210629591208413,
        0.048770575499285984,
        0.019801326693244747,
        0.1392920235749422,
        0.034394583742433545,
        0.1435848225163865,
        0.19345855982267313,
        0.02955446645149185,
        0.1435848225163865,
        0.00498752080731768,
        0.014888060396937353,
        0.0996754774137344,
        0.06760618009405173,
        0.1392920235749422,
        0.02955446645149185,
        0.06293253662259658,
        0.22119921692859515,
        0.034394583742433545,
        0.15210629591208413,
        0.19345855982267313,
        0.12190456907943871,
        0.18535268358858548,
        0.16889571614787438,
        0.12628408831196558,
        0.1730408660566377,
        0.18535268358858548,
        0.009950166250831895,
        0.1349777068892587,
        0.22119921692859515,
        0.02469008797166739,
        0.18535268358858548,
